1975
1976
1977
1986
1978
1979
1980
1984
1985
1983
1982
1981
1987
1988
1989
1990
1991
1992
1993
1994
2004
1995
2001
1996
2000
1997
1998
1999
2002
2003
2005
2006
2007
2008
2009
2010
2011
2012
2013
2018
2014
2015
2016
972
1005
996
997
1004
1003
1002
1001
998
1000
999
995
1015
1006
1007
1014
1013
1012
1011
1008
1010
1009
956
954
951
953
952
955
950
949
945
948
947
946
962
960
957
959
958
961
2209
2284
2278
2280
2279
2215
2214
2305
2304
2281
2282
2283
2301
2285
2287
2286
2288
2289
2290
2291
2297
2292
2298
2299
2300
2230
2229
2232
2231
2240
2239
2242
2241
2243
2247
2246
2244
2245
2251
2250
2248
2249
2255
2254
2252
2253
2259
2258
2256
2257
2303
2302
2224
2217
2216
2219
2218
2368
2359
2367
2366
2362
2360
2361
2313
2312
2371
2365
2363
2364
2321
2320
2332
2331
2330
2370
2369
2372
2337
2336
2333
2334
2335
2338
2345
2344
2339
2340
2341
2342
2343
276
266
263
265
264
267
275
277
279
278
281
280
283
282
284
285
286
288
287
268
688
679
680
681
682
683
684
685
686
687
271
270
269
274
273
272
289
