270
260
257
259
258
261
269
271
273
272
275
274
277
276
278
279
280
282
281
262
681
672
673
674
675
676
677
678
679
680
265
264
263
268
267
266
283
2035
2110
2104
2106
2105
2041
2040
2131
2130
2107
2108
2109
2127
2111
2113
2112
2114
2115
2116
2117
2123
2118
2124
2125
2126
2056
2055
2058
2057
2066
2065
2068
2067
2069
2073
2072
2070
2071
2077
2076
2074
2075
2081
2080
2078
2079
2085
2084
2082
2083
2129
2128
2050
2043
2042
1844
1845
1846
1855
1847
1848
1849
1853
1854
1852
1851
1850
1856
1857
1858
1859
1860
1861
1862
1863
1873
1864
1870
1865
1869
1866
1867
1868
1871
1872
1874
1875
1876
1877
1878
1879
1880
1881
1882
1887
1883
1884
1885
2045
2044
2194
2185
2193
2192
2188
2186
2187
2139
2138
2197
2191
2189
2190
2147
2146
2158
2157
2156
2196
2195
2198
2163
2162
2159
2160
2161
2164
2171
2170
2165
2166
2167
2168
2169
