930
927
929
928
912
909
910
911
933
932
931
938
937
936
934
935
945
944
943
941
939
940
942
950
946
949
948
947
953
952
951
958
955
954
956
957
816
818
5
817
820
819
821
822
823
824
825
826
835
829
827
828
815
814
532
773
531
785
789
788
786
787
534
533
541
535
538
540
548
542
784
783
775
780
779
778
543
742
739
741
740
746
743
744
745
748
747
753
750
749
643
642
661
660
659
751
752
547
546
545
544
530
529
552
549
777
776
556
553
554
555
647
646
673
666
681
674
682
696
683
694
684
693
690
685
692
691
697
560
557
563
561
567
564
566
568
578
577
570
569
528
572
571
574
573
576
575
537
536
539
760
759
758
645
644
665
664
136
137
663
662
24
25
26
28
27
34
31
33
32
36
35
39
42
41
43
565
770
763
768
767
764
766
765
769
579
596
609
608
597
599
598
601
600
603
602
605
604
607
606
595
594
582
580
585
583
587
586
589
588
591
590
593
592
581
584
610
629
628
611
613
612
616
614
619
617
621
620
623
622
625
624
627
626
615
618
630
639
638
631
633
632
635
634
637
636
650
649
648
652
651
700
699
698
757
754
756
755
654
653
701
703
702
718
715
714
717
716
30
29
38
37
719
902
899
900
901
866
865
871
142
874
40
45
44
47
46
51
50
52
57
53
59
58
62
55
54
56
61
60
49
48
64
63
65
68
80
70
69
76
75
71
72
73
74
78
77
79
67
66
82
81
